{
    "_versionMajor": 0,
    "_versionMinor": 2,
    "boundsCenter": {
        "x": 0,
        "y": 0,
        "z": 2.09218692779541
    },
    "boundsSize": {
        "x": 5.015000343322754,
        "y": 2.824117422103882,
        "z": 1.496183156967163
    },
    "clipEpsilon": 0.003341836854815483,
    "crop": {
        "w": 0.5806452035903931,
        "x": 0.2641128897666931,
        "y": 0.20766128599643707,
        "z": 0.5322580933570862
    },
    "depthFocalLength": {
        "x": 1087.4046630859375,
        "y": 1086.180419921875
    },
    "depthImageSize": {
        "x": 1920.0,
        "y": 1080.0
    },
    "depthPrincipalPoint": {
        "x": 943.0714721679688,
        "y": 536.3239135742188
    },
    "extrinsics": {
        "e00": 1,
        "e01": 0,
        "e02": 0,
        "e03": 0,
        "e10": 0,
        "e11": 1,
        "e12": 0,
        "e13": 0,
        "e20": 0,
        "e21": 0,
        "e22": 1,
        "e23": 0,
        "e30": 0,
        "e31": 0,
        "e32": 0,
        "e33": 1
    },
    "farClip": 2.8402786254882813,
    "format": "perpixel",
    "nearClip": 1.3440954685211182,
    "numAngles": 1,
    "textureHeight": 1248,
    "textureWidth": 1008
}
